6	-9.26	1.87	2.97
8	-9.30	1.92	2.99
11	-9.25	1.90	2.95
19	-9.22	1.90	2.89
39	-9.14	1.92	2.72
60	-8.97	1.91	2.56
81	-8.97	2.05	2.59
102	-9.24	2.24	2.57
123	-9.47	2.22	2.65
145	-9.67	2.06	2.71
167	-9.42	1.92	2.59
189	-9.26	2.04	2.44
210	-9.45	2.13	2.55
233	-9.23	2.04	2.36
254	-9.22	1.86	2.50
276	-9.31	1.83	2.94
299	-10.02	2.04	3.10
321	-10.05	1.70	2.71
344	-10.20	1.61	2.31
367	-9.89	1.70	2.01
389	-9.72	1.74	1.88
410	-9.47	1.55	2.01
433	-9.02	1.48	1.94
454	-9.28	1.41	2.27
476	-9.26	1.71	2.48
498	-9.30	1.49	2.34
520	-9.04	1.20	1.99
541	-9.28	1.09	1.80
564	-9.01	1.00	1.59
585	-9.45	1.46	1.88
607	-9.48	1.35	2.19
629	-9.12	0.94	2.14
651	-9.50	0.86	1.92
672	-9.72	1.11	1.66
695	-9.46	0.93	1.31
716	-9.55	0.65	1.23
738	-9.67	0.68	1.38
760	-9.72	0.69	1.75
782	-9.58	0.68	1.82
803	-9.15	0.77	1.65
826	-9.05	0.96	1.62
847	-8.61	1.05	1.49
869	-8.73	1.14	1.61
891	-8.69	1.25	1.38
913	-8.78	1.34	1.22
934	-8.70	1.58	1.16
957	-8.79	1.70	1.04
978	-9.19	1.90	0.97
1000	-9.06	2.30	0.97
1024	-9.25	2.45	0.70
1046	-9.39	2.38	0.85
1069	-10.06	2.43	1.62
1093	-10.48	2.20	1.84
1117	-9.99	1.72	1.96
1139	-9.94	1.47	1.79
1163	-10.88	1.52	1.92
1186	-11.27	1.52	2.49
1210	-11.49	0.99	3.36
1234	-10.71	0.54	2.90
1258	-10.55	0.69	1.91
1283	-9.95	1.21	1.41
1305	-9.33	1.67	1.49
1328	-8.76	1.48	2.06
1351	-8.93	1.10	2.60
1374	-8.97	0.95	2.90
1396	-9.03	1.13	3.33
1420	-8.84	0.99	3.27
1442	-8.71	0.76	2.90
1465	-9.07	0.34	2.94
1488	-9.25	0.09	2.77
1511	-9.04	0.32	2.35
1533	-8.60	0.51	2.16
1557	-8.49	0.44	2.04
1580	-8.80	0.91	2.09
1602	-9.10	1.16	2.16
1626	-9.22	1.21	2.23
1648	-9.38	1.55	2.20
1671	-9.21	1.74	2.09
1694	-9.47	2.03	2.14
1717	-9.30	2.08	2.17
1739	-8.80	1.86	2.29
1763	-9.09	1.76	2.43
1785	-9.53	1.89	2.36
1808	-10.14	1.82	2.79
1832	-9.97	1.71	2.85
1855	-11.37	1.68	3.37
1880	-12.33	1.93	3.94
1903	-12.21	1.65	3.65
1927	-11.44	0.96	3.20
1951	-10.66	1.18	2.98
1975	-8.73	1.41	1.82
1997	-7.70	1.45	2.12
2021	-7.72	1.50	2.98
2043	-7.80	1.11	2.93
2066	-7.99	1.15	3.85
2089	-8.63	1.29	4.87
2112	-9.30	1.34	4.23
2135	-8.45	1.41	3.40
2158	-8.67	1.40	3.73
2181	-8.67	1.47	2.40
2203	-8.96	1.89	2.23
2227	-8.60	1.99	2.47
2249	-8.26	1.58	2.83
2272	-8.62	1.59	2.39
2295	-8.87	1.65	1.88
2318	-8.82	1.88	2.15
2340	-8.81	1.80	2.06
2364	-8.67	1.73	1.77
2386	-9.09	2.06	2.60
2410	-9.24	2.20	3.17
2433	-9.03	2.01	2.92
2455	-9.01	1.92	2.94
2479	-10.54	2.41	3.60
2502	-10.98	2.23	3.77
2526	-9.67	1.16	2.75
2549	-9.29	1.48	2.52
2572	-9.68	2.23	3.01
2594	-9.05	1.77	2.78
2618	-8.66	1.24	3.47
2640	-9.34	0.99	4.81
2663	-9.47	0.85	4.96
2686	-9.28	0.69	4.65
2709	-8.74	0.64	4.07
2732	-8.67	0.66	3.71
2755	-8.66	0.83	3.58
2778	-8.50	0.86	3.48
2800	-8.22	0.86	3.04
2824	-8.91	0.96	2.72
2846	-9.15	1.14	2.56
2869	-9.00	1.16	2.32
2892	-8.73	1.02	2.54
2915	-8.85	1.22	3.25
2937	-8.96	1.35	3.32
2961	-9.09	1.20	3.44
2983	-8.89	1.13	3.28
3006	-9.34	1.30	3.36
3030	-9.14	1.32	3.26
3052	-9.06	1.67	3.35
3076	-9.37	1.85	3.14
3098	-10.63	2.09	3.61
3122	-11.40	1.43	3.71
3146	-11.19	0.96	2.71
3170	-10.32	1.00	1.45
3193	-10.00	1.69	1.41
3218	-9.55	1.57	2.00
3240	-9.12	0.45	2.78
3263	-8.90	0.16	3.14
3287	-9.28	0.43	3.76
3309	-9.07	0.50	2.79
3332	-8.66	0.46	2.19
3355	-8.14	0.61	2.36
3378	-8.35	0.81	1.92
3400	-8.12	0.82	1.58
3424	-8.33	1.07	2.02
3446	-8.05	0.92	1.98
3469	-8.16	0.89	1.96
3492	-8.61	1.27	1.42
3515	-9.06	1.61	1.39
3537	-8.84	1.58	1.59
3561	-9.76	1.46	1.96
3584	-10.39	1.59	2.03
3608	-10.59	1.58	2.09
3632	-10.60	1.60	2.29
3655	-9.88	1.67	2.14
3679	-10.71	2.10	2.59
3702	-11.31	1.76	3.98
3726	-11.44	0.94	4.32
3750	-10.60	0.37	2.81
3774	-10.43	0.71	2.63
3798	-10.02	1.45	2.31
3822	-9.04	1.31	2.07
3845	-9.20	0.94	2.72
3867	-9.67	0.72	2.99
3891	-9.97	0.79	2.83
3913	-9.52	1.00	2.62
3936	-8.62	0.97	2.33
3959	-8.28	0.95	2.23
3982	-8.18	1.01	2.16
4004	-8.08	0.92	2.39
4028	-7.81	0.57	2.49
4050	-8.30	0.69	2.60
4074	-8.71	0.78	2.44
4097	-8.66	0.72	2.61
4119	-9.15	0.70	2.65
4143	-9.27	0.53	2.22
4165	-9.52	0.42	2.48
4188	-9.73	0.29	2.59
4211	-10.06	0.49	2.15
4235	-10.50	0.64	2.16
4258	-11.81	1.09	3.02
4283	-11.76	0.45	3.17
4306	-11.06	0.53	2.32
4330	-10.48	0.82	1.20
4355	-10.29	1.08	1.39
4378	-9.42	0.93	1.88
4401	-8.93	0.37	2.33
4424	-8.96	-0.33	2.59
4448	-9.55	0.01	3.19
4470	-9.03	0.43	2.33
4494	-8.33	0.23	1.55
4516	-8.26	0.41	1.43
4540	-8.33	0.97	1.02
4562	-7.63	0.82	0.77
4585	-7.66	0.88	1.38
4609	-7.96	1.22	1.48
4631	-8.43	1.42	1.52
4654	-8.44	1.58	1.58
4677	-8.91	1.68	1.42
4700	-9.14	2.15	1.61
4722	-9.50	2.33	1.84
4746	-10.12	2.09	2.02
4769	-10.44	2.06	2.04
4793	-9.84	1.92	1.43
4816	-10.84	1.76	1.86
4840	-11.68	1.63	2.52
4864	-13.01	1.73	3.19
4888	-11.04	0.65	1.92
4912	-9.64	0.29	1.94
4934	-10.01	1.42	2.39
4959	-9.61	2.50	2.43
4981	-8.41	1.29	2.28
5004	-8.71	0.17	2.65
5027	-10.41	0.56	3.37
5051	-10.20	0.79	3.03
5075	-8.84	0.29	2.35
5098	-8.24	0.11	2.04
5121	-8.45	0.31	2.04
5144	-8.14	0.46	2.02
5167	-7.93	0.52	2.25
5189	-8.08	0.59	2.09
5213	-8.82	0.67	1.96
5235	-9.06	0.92	2.15
5258	-8.98	1.13	2.61
5281	-9.04	1.21	2.88
5304	-9.18	1.16	2.85
5326	-9.22	1.13	3.06
5350	-9.57	1.09	2.93
5372	-10.67	1.24	3.35
5396	-12.42	1.67	4.18
5421	-11.90	1.26	3.68
5444	-10.51	1.03	2.24
5468	-9.84	1.70	1.35
5491	-9.70	2.28	1.50
5514	-9.14	1.53	1.77
5536	-8.95	0.55	2.41
5560	-9.20	0.20	2.98
5582	-9.22	0.79	3.03
5606	-9.11	1.47	2.42
5628	-8.29	1.45	1.93
5651	-8.03	1.24	1.79
5675	-7.56	1.40	1.58
5697	-7.47	1.67	2.17
5720	-7.36	1.95	2.42
5743	-7.63	2.12	2.87
5766	-7.97	2.36	2.51
5788	-8.69	2.37	2.35
5812	-9.15	2.88	2.28
5834	-10.07	3.05	2.33
5858	-10.45	2.51	2.47
5882	-10.70	2.18	3.37
5906	-12.04	2.10	4.47
5929	-11.96	1.18	4.44
5954	-10.54	0.95	3.54
5978	-9.81	1.42	3.05
6000	-9.67	1.77	3.11
6024	-9.22	1.93	3.05
6046	-9.21	1.60	3.36
6069	-9.76	1.29	3.85
6092	-9.81	1.13	4.21
6115	-9.45	1.08	4.31
6138	-8.93	1.31	3.97
6161	-8.20	1.30	3.61
6183	-7.69	1.05	3.67
6207	-7.35	0.98	3.70
6230	-7.06	0.99	3.58
6252	-7.45	0.90	3.64
6276	-7.69	0.88	3.87
6298	-7.97	1.10	3.89
6321	-8.18	0.99	3.19
6344	-8.41	1.22	3.44
6367	-9.10	1.52	3.64
6389	-9.61	0.99	3.16
6413	-9.67	0.62	3.16
6435	-10.30	0.76	2.96
6459	-10.98	0.90	3.24
6483	-11.21	0.94	4.23
6507	-10.29	0.44	3.78
6531	-10.50	0.34	3.44
6555	-10.47	0.36	2.70
6579	-9.32	0.22	1.70
6601	-9.30	0.22	2.05
6625	-9.22	0.45	2.79
6647	-8.90	-0.01	3.10
6672	-9.21	0.02	3.73
6694	-8.92	0.48	3.56
6717	-9.16	0.31	3.41
6740	-8.93	0.38	2.46
6763	-9.00	0.75	2.43
6786	-8.83	0.81	1.91
6809	-8.33	0.66	1.68
6832	-8.31	1.24	1.92
6854	-8.47	1.53	2.05
6878	-8.56	1.59	2.10
6900	-8.52	1.44	2.34
6923	-8.69	1.49	2.52
6946	-9.06	1.93	2.40
6969	-9.17	2.02	2.61
6991	-8.93	1.68	2.87
7015	-9.38	1.68	3.35
7037	-9.60	1.78	3.55
7060	-9.46	1.50	3.63
7084	-8.99	1.77	3.32
7106	-9.79	2.13	3.52
7129	-10.45	1.93	4.24
7153	-10.49	1.38	4.52
7177	-11.31	1.18	4.51
7200	-10.96	1.42	3.85
7225	-9.11	1.32	2.72
7247	-8.92	1.70	2.70
7271	-9.12	2.25	2.94
7293	-8.91	1.46	2.96
7316	-9.14	0.75	3.86
7340	-9.79	0.91	4.31
7362	-9.74	0.95	4.04
7385	-8.88	0.87	3.34
7408	-8.75	1.24	3.03
7431	-8.79	1.68	2.81
7453	-8.55	1.46	2.69
7477	-8.34	1.04	2.86
7499	-8.49	0.99	3.12
7522	-8.44	1.20	2.87
7545	-8.37	1.44	2.94
7568	-8.06	1.43	2.73
7590	-8.37	1.53	3.11
7614	-8.91	1.86	3.51
7636	-9.18	1.67	3.57
7659	-9.52	1.71	3.30
7683	-9.32	1.88	3.17
7705	-9.55	1.85	3.17
7728	-8.99	1.55	2.90
7751	-10.16	1.45	3.82
7775	-11.72	1.20	6.22
7798	-10.52	0.77	3.97
7823	-10.10	0.18	3.39
7846	-9.99	0.70	3.06
7870	-9.90	1.09	2.29
7892	-9.22	0.54	2.56
7915	-8.31	-0.34	3.70
7940	-8.53	-0.57	3.76
7963	-8.34	-0.27	3.65
7987	-7.48	0.09	3.50
8010	-7.88	0.26	3.13
8033	-8.33	0.67	2.65
8055	-8.43	0.76	2.04
8079	-8.81	0.89	2.29
8101	-8.67	1.36	2.18
8124	-9.18	1.46	2.29
8147	-8.67	1.27	2.30
8170	-8.78	1.28	2.59
8193	-9.06	1.64	2.15
8216	-9.25	1.78	1.76
8239	-9.17	1.67	1.98
8261	-9.48	1.63	2.27
8285	-10.36	1.70	2.17
8308	-9.92	1.81	2.60
8331	-10.96	1.86	4.00
8355	-11.69	1.15	4.82
8379	-11.37	0.68	4.57
8403	-11.10	0.80	3.87
8427	-9.91	1.06	2.60
8450	-9.22	1.37	2.26
8473	-9.10	1.42	2.57
8496	-8.66	0.94	2.72
8518	-8.90	0.37	3.34
8542	-9.11	0.43	3.73
8564	-9.09	0.57	3.73
8587	-8.44	0.34	3.13
8610	-8.06	0.39	2.89
8633	-8.03	0.90	2.73
8655	-8.02	1.08	2.45
8679	-8.08	0.99	2.20
8701	-8.38	1.05	2.49
8724	-8.56	1.36	2.56
8748	-8.60	1.38	2.48
8770	-8.92	1.43	2.83
8793	-8.75	1.29	2.98
8816	-8.56	1.08	3.24
8839	-9.48	0.83	4.03
8861	-10.14	0.66	3.91
8886	-10.19	0.59	3.24
8909	-10.23	0.48	3.26
8934	-11.78	1.00	3.80
8957	-11.65	0.59	3.69
8981	-10.93	0.26	3.69
9006	-10.58	0.35	3.16
9029	-10.02	0.80	2.04
9053	-8.61	0.70	1.71
9076	-8.30	0.44	2.23
9099	-8.25	0.29	2.58
9121	-8.44	-0.03	3.03
9146	-8.14	-0.04	3.28
9169	-8.73	0.13	3.51
9192	-8.32	0.30	2.49
9216	-8.84	0.84	2.58
9238	-8.56	0.93	2.00
9261	-8.60	1.10	1.65
9284	-8.51	1.38	1.90
9307	-8.66	1.60	2.36
9329	-8.40	1.52	2.27
9353	-8.29	1.45	2.33
9375	-8.34	1.50	2.39
9399	-8.40	1.53	2.24
9421	-8.56	1.46	2.32
9444	-9.39	1.46	2.87
9467	-9.83	1.30	3.01
9490	-9.99	1.19	2.83
9512	-9.97	1.25	2.85
9536	-11.09	2.06	2.98
9560	-11.95	1.71	4.04
9583	-10.94	0.42	4.30
9608	-10.91	0.14	4.16
9631	-10.61	1.38	3.32
9655	-9.11	1.18	2.28
9678	-8.57	1.20	2.57
9701	-8.76	1.44	3.28
9723	-8.96	0.89	3.84
9747	-9.04	0.40	4.12
9769	-8.94	0.34	4.26
9792	-8.96	0.63	3.84
9816	-8.82	0.70	3.47
9838	-8.49	0.33	3.38
9861	-8.18	0.19	3.32
9884	-7.96	0.31	3.39
9907	-7.83	0.50	3.28
9929	-7.96	0.80	3.27
9953	-7.92	0.93	3.23
9975	-8.36	0.85	3.28
9999	-8.70	0.85	3.14
10021	-9.05	0.88	3.39
10045	-9.61	0.72	3.81
10070	-9.84	0.43	3.84
10093	-10.21	0.26	3.72
10118	-9.64	0.03	3.14
10142	-10.78	0.19	4.06
10167	-10.62	0.13	4.42
10191	-10.52	-0.21	3.76
10218	-10.34	0.55	2.68
10243	-10.06	1.16	1.98
10268	-9.36	1.08	1.71
10292	-9.05	0.57	1.82
10315	-8.82	0.06	2.55
10340	-8.56	-0.40	3.39
10364	-8.58	-0.59	3.98
10389	-8.87	-0.50	3.80
10415	-8.79	-0.58	3.04
10439	-8.73	-0.34	2.32
10465	-8.86	0.21	2.04
10488	-8.91	0.69	2.04
10512	-8.60	0.75	2.34
10536	-8.47	0.78	2.53
10560	-8.60	1.08	2.52
10584	-8.65	1.51	2.49
10608	-8.32	1.49	2.45
10632	-8.49	1.55	2.45
10655	-8.76	1.88	2.34
10680	-9.51	2.02	2.57
10703	-9.99	1.75	2.65
10727	-9.78	1.45	2.58
10752	-10.64	1.47	2.81
10776	-12.08	1.66	4.36
10802	-11.24	0.25	4.15
10826	-10.57	-0.59	3.20
10852	-11.06	0.22	3.30
10877	-9.79	0.69	2.24
10901	-8.41	-0.05	1.83
10926	-8.69	0.27	3.37
10950	-8.90	0.70	3.84
10974	-8.96	-0.01	4.08
10999	-8.94	-0.22	4.23
11024	-8.97	-0.22	3.69
11048	-9.19	-0.14	3.65
11074	-8.64	-0.42	3.28
11099	-8.64	-0.56	3.20
11123	-8.45	-0.40	3.28
11149	-8.37	-0.31	3.38
11173	-8.33	-0.10	3.41
11199	-8.58	-0.00	3.63
11224	-8.55	0.03	3.40
11247	-8.78	0.21	3.24
11272	-8.91	0.54	3.10
11295	-8.79	0.52	2.99
11319	-8.99	0.49	2.89
11343	-9.40	0.38	3.17
11367	-9.52	0.34	3.37
11390	-9.23	-0.02	3.27
11416	-10.51	-0.16	3.73
11442	-11.23	0.09	4.66
11467	-11.14	-0.75	4.59
11493	-10.75	-0.67	3.82
11518	-9.99	-0.41	2.58
11544	-9.06	-0.34	1.27
11569	-8.61	0.10	1.30
11592	-8.39	0.02	1.79
11617	-8.62	-0.23	2.81
11641	-9.23	-0.49	3.37
11667	-9.42	-0.31	3.25
11692	-9.12	-0.38	2.93
11716	-9.07	-0.58	2.35
11742	-9.24	-0.86	2.15
11766	-9.03	-1.34	2.05
11791	-9.09	-1.57	2.26
11816	-9.33	-1.20	2.34
11841	-8.98	-1.40	2.29
11867	-9.10	-1.46	2.54
11891	-9.00	-1.29	2.26
11916	-9.14	-1.11	2.39
11941	-9.34	-0.82	2.32
11966	-9.48	-0.87	2.40
11991	-9.38	-0.75	2.59
12016	-9.06	-0.65	2.56
12041	-9.38	-0.46	2.62
12066	-9.21	-0.60	2.43
12091	-9.06	-0.55	2.38
12115	-9.37	-0.39	2.60
12141	-9.24	-0.40	2.68
12166	-9.04	-0.45	2.76
12190	-8.94	-0.50	2.94
12216	-8.96	-0.48	2.92
12240	-8.84	-0.66	3.03
12266	-8.40	-0.69	2.75
12291	-8.80	-0.75	3.02
12315	-8.93	-0.83	3.07
12341	-9.41	-0.89	2.89
12365	-9.04	-0.94	2.76
12390	-9.53	-0.83	3.17
12416	-9.19	-0.69	2.73
12440	-8.56	-0.91	2.82
12466	-8.96	-0.88	3.24
12490	-9.12	-0.65	3.25
12515	-7.98	-1.06	2.71
12540	-8.77	-1.11	3.10
12565	-9.38	-0.23	3.29
12590	-9.13	-0.94	3.14
12615	-9.17	-1.48	3.85
12640	-9.47	-0.96	3.74
12665	-9.17	-0.90	3.53
12690	-8.48	-1.44	3.72
12715	-9.13	-1.82	3.95
12740	-9.28	-1.54	3.96
12765	-9.47	-1.40	4.27
12789	-9.28	-1.76	3.91
12815	-8.86	-1.71	3.48
12839	-9.13	-1.65	3.76
12865	-9.25	-1.63	3.83
12890	-9.03	-1.64	3.86
12914	-9.57	-1.57	3.89
12940	-9.44	-1.48	3.71
12964	-9.21	-1.64	3.98
12989	-9.18	-1.60	3.76
13015	-8.80	-1.50	3.23
13039	-8.55	-1.38	3.62
13065	-8.80	-1.45	4.00
13089	-8.95	-1.76	3.40
13114	-9.07	-1.67	3.84
13139	-8.89	-1.51	4.00
13164	-8.91	-1.66	3.62
13189	-6.96	-2.03	3.09
13214	-8.69	-1.45	3.67
13239	-8.95	-1.81	3.39
13264	-8.69	-2.02	3.96
13289	-8.78	-1.70	4.00
13314	-8.75	-1.81	3.98
13339	-8.79	-1.95	4.40
13364	-8.60	-1.84	3.96
13388	-8.60	-1.66	3.84
13414	-8.63	-1.78	3.96
13438	-8.59	-1.85	3.93
13464	-8.79	-1.81	4.00
